# G G PP       0 0 -1
32
3.001456e+07
7.837650e+06
4.789078e+06
2.854629e+06
2.139724e+06
1.667542e+06
1.014545e+06
8.266616e+05
5.494228e+05
4.419731e+05
3.043651e+05
2.229685e+05
2.091446e+05
1.546990e+05
1.315095e+05
1.336146e+05
1.425766e+05
1.933891e+05
1.707760e+05
2.139028e+05
2.651946e+05
3.765056e+05
4.585257e+05
6.174066e+05
8.287478e+05
1.197916e+06
1.750465e+06
2.052666e+06
3.160612e+06
3.657144e+06
5.019937e+06
7.368996e+06
# G G A0P      0 0 -1
32
2.929607e+05
2.317241e+06
1.212144e+06
8.435865e+05
7.890193e+05
5.887564e+05
2.431546e+05
2.690291e+05
1.330667e+05
1.359366e+05
8.860914e+04
5.103471e+04
4.434671e+04
3.838098e+04
1.761297e+04
8.345806e+03
1.141507e+03
-2.810779e+04
-2.708304e+04
-3.150244e+04
-6.631534e+04
-7.747160e+04
-1.430135e+05
-1.845704e+05
-2.982790e+05
-3.758108e+05
-6.189251e+05
-6.439922e+05
-9.771375e+05
-1.177611e+06
-1.653382e+06
-2.204724e+06
# G G PA0      0 0 -1
32
1.949576e+05
2.282414e+06
1.256529e+06
6.664465e+05
5.813108e+05
4.080557e+05
2.990771e+05
2.381165e+05
1.463339e+05
1.249470e+05
6.726057e+04
4.772656e+04
4.170269e+04
1.870367e+04
1.106655e+04
2.537786e+03
-8.398273e+03
-2.626934e+04
-3.806272e+04
-4.764326e+04
-5.477103e+04
-8.438934e+04
-1.122333e+05
-1.760796e+05
-2.656015e+05
-4.307986e+05
-5.711560e+05
-5.869039e+05
-1.014811e+06
-9.826871e+05
-1.089244e+06
-1.909066e+06
# G G A0A0     0 0 -1
32
1.632859e+07
1.131874e+06
4.226708e+05
2.767553e+05
2.630286e+05
1.335613e+05
6.986844e+04
7.221713e+04
3.268033e+04
3.942462e+04
2.520841e+04
1.140354e+04
1.752905e+04
7.226665e+03
7.331107e+03
7.517508e+03
4.778073e+03
1.397254e+04
1.109776e+04
2.526102e+04
2.033518e+04
2.172970e+04
2.093123e+04
2.712890e+04
8.234540e+04
1.329838e+05
2.000605e+05
1.691017e+05
3.392059e+05
2.936146e+05
1.820387e+05
1.033218e+06
# G G V3V3     0 0 -1
32
7.792957e+06
1.245084e+06
5.998315e+05
2.840573e+05
2.099840e+05
1.131067e+05
5.066318e+04
3.753349e+04
1.379188e+04
6.150094e+03
5.050963e+03
3.081457e+03
1.201064e+03
3.520679e+02
1.453281e+02
1.898829e+03
1.509507e+03
3.426459e+03
2.111428e+03
2.992104e+03
3.390296e+03
4.043032e+03
8.621621e+03
1.161043e+04
2.388289e+04
3.082482e+04
7.175735e+04
7.091082e+04
1.903583e+05
2.876952e+05
5.151221e+05
1.082945e+06
# G G T03T03   0 0 -1
32
6.599322e+06
7.579831e+05
2.770693e+05
8.892034e+04
9.047992e+04
3.756163e+04
2.216415e+04
1.948059e+04
8.019338e+03
8.247682e+03
1.016626e+03
1.100519e+03
1.111711e+03
1.348508e+03
5.163241e+02
4.017475e+02
9.068894e+02
7.113747e+02
1.479256e+03
3.875182e+03
4.226805e+03
6.304951e+03
8.994671e+03
1.255775e+04
1.079023e+04
1.809879e+04
2.536024e+04
2.599059e+04
1.424740e+05
1.912639e+05
2.924471e+05
7.105608e+05
# G G SS       0 0 -1
32
1.548641e+07
-4.532307e+06
-2.583312e+06
-1.211939e+06
-7.746739e+05
-4.639334e+05
-1.655037e+05
-8.806408e+04
-3.451042e+04
-1.533244e+04
-2.080777e+04
-2.643645e+03
-2.220768e+03
1.259237e+04
-6.174826e+03
3.344778e+03
-8.491460e+02
-4.829449e+03
-4.201057e+03
-1.420714e+04
-1.334799e+04
-5.551458e+04
-1.092049e+05
-1.133294e+05
-8.436914e+04
-1.787288e+05
-2.540339e+05
-5.305125e+05
-9.680370e+05
-1.474919e+06
-2.587092e+06
-4.352348e+06
# G G V0V0     0 0 -1
32
2.677117e+07
-3.713020e+05
-9.800311e+04
1.173396e+04
-6.004458e+04
2.820200e+04
2.959539e+04
-6.602387e+03
-5.197954e+03
-1.655865e+03
4.439921e+02
2.743617e+03
5.548329e+03
3.737493e+03
-2.967947e+03
1.548349e+03
6.613379e+03
2.852834e+03
-1.967026e+03
2.232438e+03
-9.931840e+03
9.786034e+03
2.588255e+04
3.405872e+04
-3.213592e+03
-1.947118e+04
-1.106204e+04
-1.348521e+03
9.073000e+04
7.309868e+04
2.847979e+05
-3.431421e+05
# G G A3A3     0 0 -1
32
-6.538395e+06
9.150533e+05
4.635987e+05
1.507975e+05
8.387287e+04
4.704378e+04
3.252549e+03
-1.027541e+04
-1.051082e+04
-7.689414e+03
2.915609e+03
-2.114581e+03
-1.734240e+03
-9.215045e+02
-8.078002e+02
-7.828171e+02
-8.065168e+02
-4.241751e+03
-5.064415e+03
-3.352430e+03
-1.966133e+03
-4.899842e+03
8.730357e+02
-6.020289e+03
-4.527274e+03
-4.635841e+03
1.698499e+04
6.603700e+03
5.022764e+04
1.446449e+05
3.285540e+05
8.109074e+05
# G G T12T12   0 0 -1
32
-7.661908e+06
5.019887e+05
1.648690e+05
1.299747e+04
3.055828e+04
2.144408e+03
-4.325048e+03
6.703819e+03
2.731131e+03
5.158893e+03
2.099920e+03
-3.850881e+02
3.537583e+02
8.189067e+02
1.180591e+03
2.883584e+02
-2.136657e+00
-2.331058e+03
2.108385e+02
-2.766658e+03
-2.724671e+03
4.568023e+03
4.840444e+03
7.508656e+03
9.148241e+03
1.557206e+04
3.058918e+04
2.608657e+03
7.928877e+04
9.962282e+04
1.550849e+05
4.972390e+05
# G G NUCL     0 0 -1
32
8.474308e+09
2.089632e+08
6.265381e+07
2.048006e+07
1.016503e+07
4.322441e+06
1.277415e+06
1.264931e+06
1.159292e+05
-5.139209e+04
-1.242173e+03
-7.786508e+03
5.138510e+04
1.732471e+04
1.864980e+03
4.616810e+03
2.210536e+04
1.188071e+03
-1.211999e+04
2.187962e+04
-3.281279e+04
-2.528526e+04
-1.393713e+05
-4.124864e+05
-4.773250e+05
-1.024590e+06
-4.205300e+06
-3.657389e+06
-2.063813e+07
-2.786440e+07
-6.451263e+07
-1.571574e+08
# G G DELTA    0 0 -1
32
4.632435e+09
1.170777e+08
3.178109e+07
1.030963e+07
4.858635e+06
2.973469e+06
5.573476e+05
6.675349e+05
1.189651e+05
-2.747373e+04
4.052724e+04
-4.564687e+04
2.305505e+03
-2.082383e+03
5.126144e+03
2.117972e+03
-1.457098e+04
-2.047566e+04
-6.863211e+03
-1.211336e+04
2.511642e+04
-5.803984e+03
6.629859e+03
-4.700083e+04
-7.780242e+04
-1.859649e+05
-6.684590e+05
-1.279387e+06
-6.582990e+06
-9.451620e+06
-2.516079e+07
-8.128911e+07
# G G NUCL_G4  0 0 -1
32
-1.578211e+07
-4.279357e+08
-1.254209e+08
-3.295717e+07
-1.478659e+07
-6.286508e+06
-1.633091e+06
-1.592868e+06
-9.180765e+04
-1.483595e+05
-2.175216e+04
3.220934e+03
-2.352791e+04
-2.777255e+04
3.393139e+03
1.987766e+04
4.150037e+04
3.620281e+04
1.557394e+04
4.750506e+04
-1.249734e+04
5.668376e+04
-1.384437e+05
-6.105414e+05
-7.655604e+05
-1.622237e+06
-5.358164e+06
-5.034854e+06
-2.878858e+07
-4.079482e+07
-1.148872e+08
-3.451583e+08
# G G DELTA_G4 0 0 -1
32
-1.575213e+07
-2.021062e+08
-5.510481e+07
-1.497303e+07
-6.757606e+06
-3.232814e+06
-4.621009e+05
-7.963991e+05
-1.501690e+05
-8.507394e+03
-5.565723e+04
2.109613e+04
8.608372e+02
3.944730e+03
1.639406e+03
3.470363e+03
1.707983e+04
1.277488e+04
9.633245e+03
-2.182562e+04
1.520270e+04
1.817653e+04
2.383896e+04
-6.491585e+04
-4.165260e+04
-1.845550e+05
-7.976286e+05
-9.006199e+05
-7.499064e+06
-1.332156e+07
-3.993077e+07
-1.522665e+08
# G G PP       0 2 -1
32
2.993751e+07
7.272856e+06
4.272896e+06
2.479251e+06
1.801816e+06
1.339613e+06
7.828592e+05
6.167565e+05
3.894485e+05
3.046462e+05
2.052593e+05
1.445860e+05
1.269320e+05
9.214518e+04
7.504543e+04
7.364919e+04
7.701631e+04
1.045738e+05
9.442819e+04
1.240071e+05
1.569526e+05
2.330242e+05
2.945235e+05
4.074041e+05
5.598281e+05
8.457434e+05
1.292342e+06
1.583794e+06
2.574217e+06
3.101282e+06
4.447272e+06
6.796604e+06
# G G A0P      0 2 -1
32
2.399333e+05
2.437569e+06
1.246544e+06
8.159897e+05
7.192242e+05
5.134940e+05
2.199148e+05
2.289373e+05
1.079349e+05
1.071808e+05
7.055276e+04
4.054516e+04
3.439408e+04
2.744043e+04
1.303533e+04
5.632627e+03
-1.646897e+02
-1.775396e+04
-1.833630e+04
-2.420284e+04
-4.908277e+04
-6.200586e+04
-1.059459e+05
-1.419066e+05
-2.206960e+05
-2.946682e+05
-5.093675e+05
-5.464752e+05
-9.171286e+05
-1.112488e+06
-1.595639e+06
-2.294679e+06
# G G PA0      0 2 -1
32
1.202758e+05
2.389195e+06
1.297359e+06
6.610722e+05
5.564378e+05
3.673043e+05
2.537925e+05
2.004724e+05
1.185375e+05
9.642497e+04
5.302382e+04
3.717247e+04
3.082750e+04
1.468792e+04
8.660760e+03
2.819831e+03
-3.406490e+03
-1.487436e+04
-2.282364e+04
-3.050548e+04
-3.749550e+04
-6.161501e+04
-8.087635e+04
-1.278783e+05
-1.958686e+05
-3.291582e+05
-4.511510e+05
-4.985409e+05
-9.056770e+05
-9.392411e+05
-1.120943e+06
-2.019671e+06
# G G A0A0     0 2 -1
32
1.723867e+07
1.251459e+06
4.745259e+05
2.753905e+05
2.640246e+05
1.294241e+05
6.474046e+04
7.224085e+04
3.070490e+04
3.297162e+04
2.128920e+04
1.006674e+04
1.331466e+04
6.497237e+03
5.708207e+03
5.369544e+03
3.627486e+03
9.277448e+03
7.171537e+03
1.673936e+04
1.525874e+04
1.857614e+04
2.279786e+04
2.999259e+04
6.964372e+04
1.139960e+05
1.752900e+05
1.587160e+05
3.573607e+05
3.406077e+05
2.701277e+05
1.156582e+06
# G G V3V3     0 2 -1
32
7.980704e+06
1.228106e+06
5.806739e+05
2.699607e+05
1.937715e+05
1.015578e+05
4.566786e+04
3.408720e+04
1.318312e+04
7.231049e+03
4.915970e+03
2.562727e+03
1.212693e+03
4.755493e+02
1.986110e+02
1.296418e+03
9.594311e+02
1.877487e+03
1.408528e+03
2.120879e+03
2.568197e+03
3.273817e+03
6.935563e+03
1.111615e+04
2.097834e+04
2.889806e+04
6.423218e+04
6.801741e+04
1.836246e+05
2.818318e+05
5.114085e+05
1.074478e+06
# G G T03T03   0 2 -1
32
6.844290e+06
7.812214e+05
2.841081e+05
9.504841e+04
9.187990e+04
3.865988e+04
2.091090e+04
1.930819e+04
7.853316e+03
7.105641e+03
1.046510e+03
1.016811e+03
6.913364e+02
7.299393e+02
2.284843e+02
2.204344e+02
6.719247e+02
6.171397e+02
8.959369e+02
2.400555e+03
2.663095e+03
4.032289e+03
6.849603e+03
9.463006e+03
1.037499e+04
1.623879e+04
2.330018e+04
2.571790e+04
1.355836e+05
1.871322e+05
2.999636e+05
7.191788e+05
# G G SS       0 2 -1
32
1.663169e+07
-4.134162e+06
-2.268789e+06
-1.030729e+06
-6.417071e+05
-3.729979e+05
-1.248311e+05
-6.001965e+04
-2.277994e+04
-9.659413e+03
-1.622873e+04
-4.977084e+03
-4.427387e+03
7.256216e+03
-2.767950e+03
2.790062e+03
1.255649e+03
-1.030834e+02
-1.250288e+03
-7.820657e+03
-7.599150e+03
-3.383192e+04
-6.747171e+04
-7.563064e+04
-6.187599e+04
-1.150310e+05
-1.833463e+05
-3.954561e+05
-7.727856e+05
-1.228927e+06
-2.232064e+06
-3.927965e+06
# G G V0V0     0 2 -1
32
2.715037e+07
-3.647170e+05
-9.591303e+04
1.339726e+04
-5.317848e+04
2.484911e+04
2.156394e+04
-7.638650e+03
-4.538396e+03
-1.805667e+03
4.005551e+02
1.880299e+03
3.007505e+03
2.000979e+03
-1.887554e+03
7.910403e+02
3.544245e+03
6.735014e+02
-1.432285e+03
1.278946e+03
-6.302118e+03
5.910145e+03
1.534452e+04
2.036791e+04
-2.343721e+03
-1.215319e+04
-1.367247e+04
7.546365e+03
6.137044e+04
4.182974e+04
2.340653e+05
-3.601000e+05
# G G A3A3     0 2 -1
32
-6.794570e+06
8.524083e+05
4.198400e+05
1.368442e+05
7.428104e+04
4.208468e+04
5.653035e+03
-6.184757e+03
-6.404943e+03
-4.881488e+03
2.009555e+03
-1.136488e+03
-9.860255e+02
-3.132444e+02
-4.390876e+02
-5.185886e+02
-5.965906e+02
-2.717957e+03
-2.946750e+03
-2.032707e+03
-1.021214e+03
-3.091606e+03
4.168847e+02
-3.233728e+03
-2.453258e+03
-4.164682e+03
1.334966e+04
6.951401e+03
4.498875e+04
1.356114e+05
3.087197e+05
7.635268e+05
# G G T12T12   0 2 -1
32
-7.861329e+06
4.725848e+05
1.496344e+05
1.117501e+04
2.803909e+04
2.930226e+03
-3.454584e+03
5.106143e+03
2.102822e+03
3.373666e+03
1.348731e+03
-7.304758e+01
9.800697e+01
5.252405e+02
6.172214e+02
1.166716e+02
-2.841768e+02
-1.181788e+03
2.010888e+02
-2.081318e+03
-1.384638e+03
2.297247e+03
2.686493e+03
4.818323e+03
6.862843e+03
1.018374e+04
2.404122e+04
-4.950708e+02
6.668911e+04
8.842347e+04
1.408230e+05
4.679112e+05
# G G NUCL     0 2 -1
32
8.860997e+09
2.339415e+08
6.944233e+07
2.064595e+07
9.813399e+06
3.959888e+06
1.191084e+06
1.081688e+06
1.311864e+05
3.866914e+02
5.528499e+02
-8.995596e+03
1.533384e+04
5.643983e+03
-6.805856e+01
8.973359e+02
8.946789e+03
-7.777890e+01
-6.445258e+03
5.419151e+03
-2.203828e+04
-2.219885e+04
-1.047983e+05
-3.633606e+05
-4.278708e+05
-1.093292e+06
-3.742173e+06
-3.824270e+06
-2.039948e+07
-2.779603e+07
-6.863053e+07
-1.767591e+08
# G G DELTA    0 2 -1
32
4.861307e+09
1.278939e+08
3.485281e+07
1.004985e+07
4.798154e+06
2.470391e+06
5.196560e+05
5.496082e+05
8.496076e+04
-2.377520e+04
2.369466e+04
-2.465011e+04
2.302526e+03
2.055837e+03
2.737719e+03
9.999096e+02
-3.672645e+03
-5.917313e+03
-1.396620e+03
-4.524662e+03
9.593354e+03
-6.952228e+03
-7.007284e+03
-6.949007e+04
-5.068217e+04
-2.479923e+05
-6.589846e+05
-1.328274e+06
-6.820035e+06
-9.736742e+06
-2.757215e+07
-8.932690e+07
# G G LAMBDA   0 2 -1
32
1.322954e+10
3.271382e+08
9.654998e+07
2.918437e+07
1.384057e+07
5.579982e+06
1.663017e+06
1.465544e+06
1.983117e+05
1.133068e+04
1.693699e+04
-1.781870e+04
1.283262e+04
6.649305e+03
1.085319e+03
3.645003e+03
1.326967e+04
-8.918406e+02
-2.965335e+03
1.549954e+04
-2.208593e+04
-2.505489e+04
-1.200284e+05
-5.084995e+05
-5.339058e+05
-1.399641e+06
-5.190510e+06
-5.388110e+06
-2.913499e+07
-3.966979e+07
-9.621105e+07
-2.475339e+08
# G G NUCL_G4  0 2 -1
32
-4.858804e+06
-4.140066e+08
-1.180192e+08
-2.961506e+07
-1.329649e+07
-5.318142e+06
-1.463903e+06
-1.242102e+06
-1.387557e+05
-8.809556e+04
-1.825137e+04
2.376129e+03
-1.287311e+04
-1.030714e+04
-8.616267e+02
3.894191e+03
9.984831e+03
1.362328e+04
1.311433e+03
9.519728e+03
-1.709688e+04
9.076352e+03
-1.106439e+05
-4.205421e+05
-5.540680e+05
-1.266519e+06
-4.366445e+06
-4.833194e+06
-2.619996e+07
-3.751161e+07
-1.088415e+08
-3.346130e+08
# G G DELTA_G4 0 2 -1
32
-9.127694e+06
-2.001415e+08
-5.357687e+07
-1.345397e+07
-6.257438e+06
-2.637431e+06
-4.691768e+05
-6.353579e+05
-1.083656e+05
-4.084947e+03
-3.572616e+04
1.238131e+04
-1.758375e+02
4.179796e+02
1.100123e+03
1.430473e+03
6.313112e+03
3.084755e+03
3.023696e+03
-1.030621e+04
4.406551e+03
-2.421104e+02
2.496103e+03
-7.794854e+04
-3.790590e+04
-2.417394e+05
-7.627022e+05
-1.115488e+06
-7.656136e+06
-1.272214e+07
-4.017432e+07
-1.511385e+08
# G G LAMBDA_G 0 2 -1
32
-1.626567e+07
-6.243872e+08
-1.772967e+08
-4.457332e+07
-1.970955e+07
-7.843494e+06
-2.072381e+06
-1.755285e+06
-2.261398e+05
-1.407434e+05
-3.934684e+04
4.045059e+03
-1.243531e+04
-2.120871e+04
-6.817485e+02
8.180447e+03
1.850440e+04
1.601213e+04
1.314200e+04
1.754664e+04
-1.637823e+04
5.316904e+03
-1.182605e+05
-5.862260e+05
-7.174612e+05
-1.698694e+06
-6.214794e+06
-6.907445e+06
-3.873328e+07
-5.595878e+07
-1.619354e+08
-5.029306e+08
# G G PP       2 0 -1
32
2.993751e+07
7.272856e+06
4.272896e+06
2.479251e+06
1.801816e+06
1.339613e+06
7.828592e+05
6.167565e+05
3.894485e+05
3.046462e+05
2.052593e+05
1.445860e+05
1.269320e+05
9.214518e+04
7.504543e+04
7.364919e+04
7.701631e+04
1.045738e+05
9.442819e+04
1.240071e+05
1.569526e+05
2.330242e+05
2.945235e+05
4.074041e+05
5.598281e+05
8.457434e+05
1.292342e+06
1.583794e+06
2.574217e+06
3.101282e+06
4.447272e+06
6.796604e+06
# G G A0P      2 0 -1
32
2.399333e+05
2.437569e+06
1.246544e+06
8.159897e+05
7.192242e+05
5.134940e+05
2.199148e+05
2.289373e+05
1.079349e+05
1.071808e+05
7.055276e+04
4.054516e+04
3.439408e+04
2.744043e+04
1.303533e+04
5.632627e+03
-1.646897e+02
-1.775396e+04
-1.833630e+04
-2.420284e+04
-4.908277e+04
-6.200586e+04
-1.059459e+05
-1.419066e+05
-2.206960e+05
-2.946682e+05
-5.093675e+05
-5.464752e+05
-9.171286e+05
-1.112488e+06
-1.595639e+06
-2.294679e+06
# G G PA0      2 0 -1
32
1.202758e+05
2.389195e+06
1.297359e+06
6.610722e+05
5.564378e+05
3.673043e+05
2.537925e+05
2.004724e+05
1.185375e+05
9.642497e+04
5.302382e+04
3.717247e+04
3.082750e+04
1.468792e+04
8.660760e+03
2.819831e+03
-3.406490e+03
-1.487436e+04
-2.282364e+04
-3.050548e+04
-3.749550e+04
-6.161501e+04
-8.087635e+04
-1.278783e+05
-1.958686e+05
-3.291582e+05
-4.511510e+05
-4.985409e+05
-9.056770e+05
-9.392411e+05
-1.120943e+06
-2.019671e+06
# G G A0A0     2 0 -1
32
1.723867e+07
1.251459e+06
4.745259e+05
2.753905e+05
2.640246e+05
1.294241e+05
6.474046e+04
7.224085e+04
3.070490e+04
3.297162e+04
2.128920e+04
1.006674e+04
1.331466e+04
6.497237e+03
5.708207e+03
5.369544e+03
3.627486e+03
9.277448e+03
7.171537e+03
1.673936e+04
1.525874e+04
1.857614e+04
2.279786e+04
2.999259e+04
6.964372e+04
1.139960e+05
1.752900e+05
1.587160e+05
3.573607e+05
3.406077e+05
2.701277e+05
1.156582e+06
# G G V3V3     2 0 -1
32
7.980704e+06
1.228106e+06
5.806739e+05
2.699607e+05
1.937715e+05
1.015578e+05
4.566786e+04
3.408720e+04
1.318312e+04
7.231049e+03
4.915970e+03
2.562727e+03
1.212693e+03
4.755493e+02
1.986110e+02
1.296418e+03
9.594311e+02
1.877487e+03
1.408528e+03
2.120879e+03
2.568197e+03
3.273817e+03
6.935563e+03
1.111615e+04
2.097834e+04
2.889806e+04
6.423218e+04
6.801741e+04
1.836246e+05
2.818318e+05
5.114085e+05
1.074478e+06
# G G T03T03   2 0 -1
32
6.844290e+06
7.812214e+05
2.841081e+05
9.504841e+04
9.187990e+04
3.865988e+04
2.091090e+04
1.930819e+04
7.853316e+03
7.105641e+03
1.046510e+03
1.016811e+03
6.913364e+02
7.299393e+02
2.284843e+02
2.204344e+02
6.719247e+02
6.171397e+02
8.959369e+02
2.400555e+03
2.663095e+03
4.032289e+03
6.849603e+03
9.463006e+03
1.037499e+04
1.623879e+04
2.330018e+04
2.571790e+04
1.355836e+05
1.871322e+05
2.999636e+05
7.191788e+05
# G G SS       2 0 -1
32
1.663169e+07
-4.134162e+06
-2.268789e+06
-1.030729e+06
-6.417071e+05
-3.729979e+05
-1.248311e+05
-6.001965e+04
-2.277994e+04
-9.659413e+03
-1.622873e+04
-4.977084e+03
-4.427387e+03
7.256216e+03
-2.767950e+03
2.790062e+03
1.255649e+03
-1.030834e+02
-1.250288e+03
-7.820657e+03
-7.599150e+03
-3.383192e+04
-6.747171e+04
-7.563064e+04
-6.187599e+04
-1.150310e+05
-1.833463e+05
-3.954561e+05
-7.727856e+05
-1.228927e+06
-2.232064e+06
-3.927965e+06
# G G V0V0     2 0 -1
32
2.715037e+07
-3.647170e+05
-9.591303e+04
1.339726e+04
-5.317848e+04
2.484911e+04
2.156394e+04
-7.638650e+03
-4.538396e+03
-1.805667e+03
4.005551e+02
1.880299e+03
3.007505e+03
2.000979e+03
-1.887554e+03
7.910403e+02
3.544245e+03
6.735014e+02
-1.432285e+03
1.278946e+03
-6.302118e+03
5.910145e+03
1.534452e+04
2.036791e+04
-2.343721e+03
-1.215319e+04
-1.367247e+04
7.546365e+03
6.137044e+04
4.182974e+04
2.340653e+05
-3.601000e+05
# G G A3A3     2 0 -1
32
-6.794570e+06
8.524083e+05
4.198400e+05
1.368442e+05
7.428104e+04
4.208468e+04
5.653035e+03
-6.184757e+03
-6.404943e+03
-4.881488e+03
2.009555e+03
-1.136488e+03
-9.860255e+02
-3.132444e+02
-4.390876e+02
-5.185886e+02
-5.965906e+02
-2.717957e+03
-2.946750e+03
-2.032707e+03
-1.021214e+03
-3.091606e+03
4.168847e+02
-3.233728e+03
-2.453258e+03
-4.164682e+03
1.334966e+04
6.951401e+03
4.498875e+04
1.356114e+05
3.087197e+05
7.635268e+05
# G G T12T12   2 0 -1
32
-7.861329e+06
4.725848e+05
1.496344e+05
1.117501e+04
2.803909e+04
2.930226e+03
-3.454584e+03
5.106143e+03
2.102822e+03
3.373666e+03
1.348731e+03
-7.304758e+01
9.800697e+01
5.252405e+02
6.172214e+02
1.166716e+02
-2.841768e+02
-1.181788e+03
2.010888e+02
-2.081318e+03
-1.384638e+03
2.297247e+03
2.686493e+03
4.818323e+03
6.862843e+03
1.018374e+04
2.404122e+04
-4.950708e+02
6.668911e+04
8.842347e+04
1.408230e+05
4.679112e+05
# G G NUCL     2 0 -1
32
8.630897e+09
2.091515e+08
6.219879e+07
1.956810e+07
9.490486e+06
3.933637e+06
1.163461e+06
1.077832e+06
1.296451e+05
-6.174649e+03
1.070389e+04
-1.509653e+04
1.772347e+04
6.614694e+03
1.123394e+03
3.716552e+03
1.434774e+04
2.852502e+02
-2.575014e+03
1.773161e+04
-1.857407e+04
-1.604737e+04
-9.499453e+04
-3.664821e+05
-3.837731e+05
-9.320273e+05
-3.735355e+06
-3.566932e+06
-1.974813e+07
-2.670556e+07
-6.308359e+07
-1.579872e+08
# G G DELTA    2 0 -1
32
4.745135e+09
1.225927e+08
3.336207e+07
1.018803e+07
4.833237e+06
2.709134e+06
5.386394e+05
6.065546e+05
1.000725e+05
-2.656099e+04
3.099634e+04
-3.381051e+04
2.484815e+03
7.814567e+02
3.943005e+03
1.478185e+03
-7.554301e+03
-1.087132e+04
-3.034025e+03
-7.135872e+03
1.558754e+04
-6.733341e+03
-1.378198e+03
-6.130972e+04
-6.077700e+04
-2.221019e+05
-6.685754e+05
-1.301723e+06
-6.719272e+06
-9.604093e+06
-2.638871e+07
-8.532719e+07
# G G LAMBDA   2 0 -1
32
1.301543e+10
3.389545e+08
1.013419e+08
3.143994e+07
1.525022e+07
6.357916e+06
1.883424e+06
1.819416e+06
1.851180e+05
-3.839413e+04
-1.080070e+04
-1.287645e+04
4.629649e+04
1.574344e+04
2.642783e+02
3.113805e+03
2.117839e+04
1.842473e+02
-1.673363e+04
1.553887e+04
-4.224222e+04
-3.276111e+04
-2.004110e+05
-6.078466e+05
-7.398167e+05
-1.773480e+06
-6.180712e+06
-5.834209e+06
-3.147562e+07
-4.248881e+07
-1.018791e+08
-2.554414e+08
# G G NUCL_G4  2 0 -1
32
-1.481453e+07
-4.213226e+08
-1.213692e+08
-3.117626e+07
-1.383903e+07
-5.678756e+06
-1.469777e+06
-1.334565e+06
-1.367081e+05
-1.209555e+05
-2.984322e+04
3.622214e+03
-1.184447e+04
-2.069279e+04
1.224528e+03
1.123509e+04
2.340456e+04
1.772178e+04
1.424021e+04
2.435003e+04
-1.109417e+04
1.920992e+04
-8.969737e+04
-4.644776e+05
-5.646804e+05
-1.281529e+06
-4.617103e+06
-4.781160e+06
-2.708800e+07
-3.879691e+07
-1.108340e+08
-3.395167e+08
# G G DELTA_G4 2 0 -1
32
-1.255737e+07
-2.009983e+08
-5.424887e+07
-1.418664e+07
-6.503789e+06
-2.922521e+06
-4.682222e+05
-7.124044e+05
-1.270882e+05
-5.449796e+03
-4.487755e+04
1.636563e+04
2.875355e+02
1.782314e+03
1.502981e+03
2.371936e+03
1.048758e+04
6.441131e+03
5.579945e+03
-1.506434e+04
8.461506e+03
5.973533e+03
1.147960e+04
-7.375160e+04
-3.894224e+04
-2.160506e+05
-7.818605e+05
-1.021485e+06
-7.601896e+06
-1.301654e+07
-4.002784e+07
-1.515480e+08
# G G LAMBDA_G 2 0 -1
32
-1.343853e+07
-6.309162e+08
-1.825378e+08
-4.690917e+07
-2.114775e+07
-8.773293e+06
-2.371663e+06
-2.150981e+06
-1.714430e+05
-1.646203e+05
-2.132401e+04
2.613184e+03
-3.073752e+04
-2.290698e+04
-3.072248e+02
1.281921e+04
2.959969e+04
3.630675e+04
5.625818e+03
3.450938e+04
-2.509671e+04
4.950057e+04
-2.099244e+05
-7.784686e+05
-1.027778e+06
-2.250666e+06
-7.419712e+06
-7.565304e+06
-4.149027e+07
-5.891051e+07
-1.681808e+08
-5.097868e+08
# G G PP       2 2 -1
32
3.005505e+07
6.885510e+06
3.908277e+06
2.221219e+06
1.570192e+06
1.119746e+06
6.348822e+05
4.837597e+05
2.919613e+05
2.231652e+05
1.489703e+05
1.024194e+05
8.442922e+04
5.983126e+04
4.656456e+04
4.408942e+04
4.545474e+04
6.146931e+04
5.687298e+04
7.759092e+04
1.005031e+05
1.553540e+05
2.009611e+05
2.865997e+05
3.979192e+05
6.247246e+05
9.921665e+05
1.273347e+06
2.174810e+06
2.709336e+06
4.034474e+06
6.397447e+06
# G G A0P      2 2 -1
32
1.924819e+05
2.566088e+06
1.282741e+06
8.001032e+05
6.705205e+05
4.579935e+05
2.031792e+05
1.996289e+05
9.078400e+04
8.733782e+04
5.825167e+04
3.375431e+04
2.741496e+04
2.038947e+04
9.879969e+03
4.074196e+03
-8.654987e+02
-1.183834e+04
-1.322783e+04
-1.896558e+04
-3.733276e+04
-5.082862e+04
-8.113590e+04
-1.132618e+05
-1.690457e+05
-2.380931e+05
-4.257417e+05
-4.742607e+05
-8.615379e+05
-1.057456e+06
-1.548851e+06
-2.382562e+06
# G G PA0      2 2 -1
32
4.778401e+04
2.494404e+06
1.334704e+06
6.557871e+05
5.351308e+05
3.344006e+05
2.183418e+05
1.710346e+05
9.765549e+04
7.667305e+04
4.359454e+04
2.992425e+04
2.359757e+04
1.208521e+04
6.932167e+03
2.626147e+03
-1.631022e+03
-9.289351e+03
-1.485997e+04
-2.068363e+04
-2.721879e+04
-4.690955e+04
-6.106706e+04
-9.692465e+04
-1.488359e+05
-2.575894e+05
-3.658179e+05
-4.312831e+05
-8.259642e+05
-9.103767e+05
-1.162010e+06
-2.134516e+06
# G G A0A0     2 2 -1
32
1.814398e+07
1.371710e+06
5.247917e+05
2.722089e+05
2.631023e+05
1.248116e+05
6.138442e+04
7.115604e+04
2.921718e+04
2.873460e+04
1.907532e+04
9.416965e+03
1.095465e+04
6.093891e+03
4.848581e+03
4.239698e+03
3.283116e+03
6.823776e+03
5.204648e+03
1.153034e+04
1.219718e+04
1.707355e+04
2.265987e+04
3.079883e+04
5.902868e+04
9.832733e+04
1.534600e+05
1.470877e+05
3.632791e+05
3.741692e+05
3.457204e+05
1.271432e+06
# G G V3V3     2 2 -1
32
8.178359e+06
1.217981e+06
5.671274e+05
2.585620e+05
1.802058e+05
9.199170e+04
4.170876e+04
3.094914e+04
1.229914e+04
7.535448e+03
4.694518e+03
2.324915e+03
1.303689e+03
5.618930e+02
2.384233e+02
8.760992e+02
6.558416e+02
1.112648e+03
9.836550e+02
1.477781e+03
1.816110e+03
2.720145e+03
5.594871e+03
1.038308e+04
1.828205e+04
2.668446e+04
5.738498e+04
6.530101e+04
1.779876e+05
2.759188e+05
5.081188e+05
1.070976e+06
# G G T03T03   2 2 -1
32
7.093577e+06
8.066831e+05
2.930651e+05
1.007070e+05
9.339939e+04
3.986979e+04
2.026066e+04
1.907718e+04
7.664915e+03
6.286374e+03
1.307076e+03
1.116641e+03
6.407036e+02
5.172965e+02
1.829236e+02
1.656797e+02
5.215632e+02
5.557856e+02
6.162257e+02
1.567993e+03
1.767616e+03
2.913363e+03
5.237036e+03
7.764150e+03
9.538193e+03
1.495106e+04
2.167693e+04
2.499304e+04
1.298177e+05
1.829964e+05
3.067997e+05
7.303196e+05
# G G SS       2 2 -1
32
1.773430e+07
-3.756748e+06
-1.978039e+06
-8.719478e+05
-5.303080e+05
-3.026709e+05
-9.625199e+04
-4.059698e+04
-1.556872e+04
-5.827340e+03
-1.210396e+04
-4.962287e+03
-3.828981e+03
4.528528e+03
-7.259683e+02
2.440583e+03
1.930367e+03
1.465719e+03
3.821776e+01
-3.717188e+03
-3.492944e+03
-1.978438e+04
-4.146927e+04
-4.920166e+04
-4.332404e+04
-7.291592e+04
-1.275990e+05
-2.921646e+05
-6.144461e+05
-1.025633e+06
-1.927601e+06
-3.545403e+06
# G G V0V0     2 2 -1
32
2.757702e+07
-3.299343e+05
-8.185788e+04
1.816333e+04
-4.525656e+04
2.435830e+04
1.640225e+04
-6.115197e+03
-4.377225e+03
-1.660776e+03
4.829481e+02
1.634367e+03
1.921955e+03
1.326708e+03
-8.680809e+02
5.163640e+02
2.057920e+03
2.328806e+02
-1.031394e+03
7.962377e+02
-3.704248e+03
3.879664e+03
8.922514e+03
1.244602e+04
-9.715413e+02
-6.462996e+03
-1.280109e+04
1.323049e+04
4.358485e+04
2.411939e+04
2.009508e+05
-3.549460e+05
# G G A3A3     2 2 -1
32
-7.056186e+06
7.873406e+05
3.758293e+05
1.217700e+05
6.424036e+04
3.644904e+04
6.757790e+03
-3.736401e+03
-3.642216e+03
-3.178523e+03
1.429650e+03
-6.319530e+02
-6.730260e+02
-1.154430e+02
-3.099989e+02
-2.979436e+02
-3.945740e+02
-1.740196e+03
-1.615147e+03
-1.212027e+03
-5.473546e+02
-2.025598e+03
1.877983e+02
-1.592295e+03
-1.385258e+03
-3.661922e+03
1.033967e+04
7.000593e+03
4.018548e+04
1.251436e+05
2.871069e+05
7.139437e+05
# G G T12T12   2 2 -1
32
-8.067721e+06
4.395797e+05
1.341084e+05
9.517966e+03
2.585130e+04
3.360728e+03
-2.681652e+03
3.840581e+03
1.522222e+03
2.182259e+03
8.233564e+02
-7.137242e+01
-1.583411e+02
2.453104e+02
3.039820e+02
-9.674272e+00
-3.161818e+02
-6.520613e+02
1.360451e+02
-1.416862e+03
-7.343834e+02
1.028030e+03
1.285087e+03
2.904814e+03
4.811955e+03
6.211286e+03
1.836044e+04
-2.734661e+03
5.602161e+04
7.762192e+04
1.258490e+05
4.364238e+05
# G G NUCL     2 2 -1
32
9.033993e+09
2.345291e+08
6.883462e+07
1.985997e+07
9.242669e+06
3.601881e+06
1.096697e+06
9.196080e+05
1.326836e+05
1.395907e+04
9.524170e+03
-7.506643e+03
6.627879e+03
3.489074e+03
3.596708e+02
8.119511e+02
5.476817e+03
-5.214935e+02
-2.644618e+03
3.490409e+03
-1.523759e+04
-2.185008e+04
-7.539695e+04
-3.157318e+05
-3.451229e+05
-9.364131e+05
-3.268246e+06
-3.626793e+06
-1.936917e+07
-2.672386e+07
-6.722751e+07
-1.775524e+08
# G G DELTA    2 2 -1
32
4.981123e+09
1.330245e+08
3.628747e+07
9.895266e+06
4.754904e+06
2.253237e+06
4.997231e+05
4.954891e+05
7.268119e+04
-2.025589e+04
1.793402e+04
-1.769875e+04
1.959577e+03
2.350564e+03
1.788660e+03
6.525561e+02
-1.703649e+03
-3.353863e+03
-6.680558e+02
-3.086379e+03
5.834876e+03
-6.592364e+03
-1.090493e+04
-7.355109e+04
-4.456937e+04
-2.624696e+05
-6.423994e+05
-1.349523e+06
-6.885114e+06
-9.849110e+06
-2.873897e+07
-9.333894e+07
# G G NUCL_G4  2 2 -1
32
-3.648652e+06
-4.103618e+08
-1.151186e+08
-2.826508e+07
-1.253538e+07
-4.822335e+06
-1.328557e+06
-1.052382e+06
-1.529472e+05
-7.195499e+04
-2.218428e+04
2.207006e+03
-6.945828e+03
-8.379674e+03
-9.609155e+02
2.034663e+03
5.733585e+03
6.897943e+03
2.630231e+03
3.622355e+03
-1.291438e+04
-5.769946e+03
-7.907189e+04
-3.426310e+05
-4.303065e+05
-1.040925e+06
-3.779317e+06
-4.484985e+06
-2.471689e+07
-3.591190e+07
-1.056376e+08
-3.309129e+08
# G G DELTA_G4 2 2 -1
32
-5.454950e+06
-1.995075e+08
-5.306711e+07
-1.277019e+07
-6.021074e+06
-2.375753e+06
-4.646588e+05
-5.639111e+05
-9.267864e+04
-3.279714e+03
-2.803942e+04
9.158301e+03
-3.701571e+02
-3.271089e+02
7.580427e+02
7.774134e+02
3.707200e+03
1.352827e+03
1.554282e+03
-7.004520e+03
2.085789e+03
-3.189148e+03
-3.930488e+03
-7.910603e+04
-3.740071e+04
-2.577441e+05
-7.384126e+05
-1.180938e+06
-7.666189e+06
-1.243742e+07
-4.037879e+07
-1.510259e+08
